EBT: 9300.000000
Profit: 5115.000000
ratio: 1.818182